51901:6,7,4,1,4,4,3,3,4;11,4,3;3,11,4;2,1,1,2,1,2,1,2,2;51901;1;0;1
51902:4,2,9,9,5,2,1,4,8;13,11,0;13,0,11;1,2,1,1,2,1,2,2,2;51902;1;0;1
51903:2,7,6,1,9,5,2,3,6;2,14,3;2,12,5;1,2,2,2,1,1,2,1,2;51903;1;0;1
51904:4,1,4,4,1,1,9,9,4;8,5,0;8,1,4;1,2,1,1,1,2,2,2,2;51904;1;0;1
51905:3,6,6,4,5,1,9,1,2;3,4,2;7,0,2;1,2,2,1,2,2,2,2,1;51905;1;0;1
51906:9,7,9,7,5,8,6,7,1;25,7,0;16,7,9;1,1,1,1,2,2,2,2,2;51906;1;0;1
51907:9,6,2,6,8,4,7,8,4;6,18,12;6,22,8;2,1,2,1,1,1,2,1,1;51907;1;0;1
51908:3,6,8,2,9,7,3,1,6;0,9,9;5,0,13;2,2,2,1,2,1,1,2,1;51908;1;0;1
51909:7,7,2,2,1,5,9,5,8;16,1,8;7,8,10;1,1,1,2,1,2,2,2,1;51909;1;0;1
51910:3,7,8,2,7,9,9,9,4;0,2,9;2,9,0;2,2,2,1,2,2,2,1,2;51910;1;0;1
51911:3,5,2,3,6,4,3,1,2;5,4,5;3,5,6;2,1,2,2,2,1,1,2,1;51911;1;0;1
51912:7,4,2,8,1,4,5,6,7;9,13,11;20,7,6;1,2,1,1,1,1,1,1,2;51912;1;0;1
51913:1,9,3,9,6,9,9,6,8;10,24,15;19,21,9;1,1,2,1,1,1,1,1,2;51913;1;0;1
51914:4,9,1,1,6,1,2,5,3;4,0,5;4,5,0;1,2,2,2,2,2,2,1,2;51914;1;0;1
51915:3,6,5,1,9,7,7,5,2;6,0,0;0,6,0;2,1,2,2,2,2,2,2,2;51915;1;0;1
51916:9,2,3,5,1,7,8,6,8;14,1,6;9,9,3;1,1,1,2,1,2,2,1,2;51916;1;0;1
51917:9,2,3,9,6,7,9,5,8;3,16,9;18,0,10;2,2,1,1,2,1,1,2,2;51917;1;0;1
51918:4,9,9,7,1,9,4,5,1;18,9,10;4,14,19;2,1,1,2,2,1,1,1,1;51918;1;0;1
51919:6,9,1,6,3,9,9,2,3;10,12,3;0,12,13;2,1,1,2,1,1,2,2,1;51919;1;0;1
51920:6,6,3,5,3,9,9,1,7;0,8,17;14,4,7;2,2,2,1,1,2,1,1,1;51920;1;0;1
51921:1,5,4,1,8,7,7,5,7;5,0,7;7,5,0;2,1,2,2,2,2,1,2,2;51921;1;0;1
51922:7,4,1,4,9,5,1,6,9;1,18,16;5,15,15;2,2,1,1,1,1,1,1,1;51922;1;0;1
51923:5,7,6,1,2,7,8,2,9;18,0,8;13,7,6;1,1,1,2,2,2,1,2,2;51923;1;0;1
51924:3,2,1,9,1,4,3,1,7;3,10,4;15,2,0;1,2,2,1,1,2,1,1,2;51924;1;0;1
51925:5,9,3,1,5,9,9,9,5;0,1,9;10,0,0;2,2,2,1,2,2,1,2,2;51925;1;0;1
51926:1,5,7,7,2,5,4,6,3;1,7,3;1,2,8;1,2,2,2,1,1,2,2,1;51926;1;0;1
51927:9,7,6,8,7,4,5,4,5;22,19,4;17,18,10;1,1,1,1,1,1,2,1,2;51927;1;0;1
51928:6,4,9,6,8,5,9,8,4;4,6,0;6,4,0;2,1,2,1,2,2,2,2,2;51928;1;0;1
51929:2,3,6,2,8,1,8,5,3;3,8,11;8,11,3;2,1,2,2,1,2,1,2,1;51929;1;0;1
51930:1,2,3,3,9,5,1,5,4;0,9,10;1,14,4;2,2,2,2,1,2,1,1,1;51930;1;0;1
51931:9,3,9,5,7,4,2,4,1;12,12,5;5,14,10;2,1,1,1,1,2,2,1,1;51931;1;0;1
51932:2,2,7,9,8,7,5,2,8;9,7,8;2,0,22;1,2,1,2,2,1,2,2,1;51932;1;0;1
51933:9,1,4,2,6,8,4,1,1;4,2,6;6,1,5;2,2,1,1,2,2,1,1,1;51933;1;0;1
51934:4,5,5,7,6,2,8,8,6;0,13,6;7,6,6;2,2,2,1,1,2,2,2,1;51934;1;0;1
51935:1,5,6,3,2,6,3,6,2;1,2,2;1,2,2;1,2,2,2,1,2,2,2,1;51935;1;0;1
51936:3,2,6,4,3,7,4,5,1;0,3,5;4,3,1;2,2,2,2,1,2,1,2,1;51936;1;0;1
51937:6,1,7,9,1,1,6,8,6;13,10,14;21,8,8;1,2,1,1,2,1,1,1,2;51937;1;0;1
51938:9,8,2,1,9,9,1,2,8;9,10,10;10,2,17;1,2,2,1,2,1,2,1,1;51938;1;0;1
51939:2,8,7,2,2,6,5,2,1;17,2,5;7,10,7;1,1,1,2,1,2,1,2,2;51939;1;0;1
51940:4,4,3,1,5,7,1,8,9;7,8,17;5,8,19;1,2,1,1,2,1,2,1,1;51940;1;0;1
51941:2,9,3,3,5,3,7,2,2;0,11,9;10,7,3;2,2,2,1,1,1,1,1,2;51941;1;0;1
51942:4,7,4,4,2,8,5,1,2;8,12,0;8,0,12;1,2,1,1,2,1,2,2,2;51942;1;0;1
51943:9,9,4,3,4,5,5,1,4;0,3,0;3,0,0;2,2,2,1,2,2,2,2,2;51943;1;0;1
51944:4,9,1,3,7,5,3,8,8;1,5,11;3,0,14;2,2,1,2,2,1,1,2,1;51944;1;0;1
51945:9,4,7,4,8,4,6,9,8;0,12,14;10,8,8;2,2,2,1,1,2,1,2,1;51945;1;0;1
51946:2,7,6,9,8,5,4,3,6;0,9,3;9,3,0;2,2,2,1,2,2,2,1,2;51946;1;0;1
51947:8,5,9,4,7,7,9,8,1;17,4,8;12,8,9;1,2,1,1,2,2,2,1,2;51947;1;0;1
51948:4,8,9,1,6,6,7,4,4;13,1,11;12,4,9;1,2,1,1,2,2,1,1,2;51948;1;0;1
51949:5,4,6,8,2,3,8,5,5;5,8,0;13,0,0;1,2,2,1,2,2,2,2,2;51949;1;0;1
51950:4,3,5,9,3,3,9,5,1;12,12,9;22,3,8;1,1,1,1,2,1,1,2,2;51950;1;0;1
51951:8,4,9,8,2,9,4,9,3;8,0,4;12,0,0;1,2,2,2,2,2,1,2,2;51951;1;0;1
51952:5,2,5,1,9,6,7,5,6;2,6,0;0,2,6;2,1,2,2,2,1,2,2,2;51952;1;0;1
51953:6,9,3,3,6,4,8,5,5;9,10,13;14,6,12;1,2,1,2,1,1,1,2,1;51953;1;0;1
51954:6,9,8,6,3,2,4,5,8;6,5,13;6,8,10;1,2,2,2,1,1,2,1,1;51954;1;0;1
51955:1,2,9,9,8,7,5,1,9;1,24,9;10,8,16;1,2,2,1,1,1,2,2,1;51955;1;0;1
51956:5,8,2,4,4,1,1,2,3;2,5,2;0,6,3;2,2,1,2,1,1,2,1,2;51956;1;0;1
51957:7,7,8,1,1,4,5,5,4;7,1,5;5,8,0;2,1,2,2,1,2,1,2,2;51957;1;0;1
51958:3,6,7,6,2,6,3,4,2;10,2,9;6,6,9;1,2,1,2,1,2,1,1,1;51958;1;0;1
51959:8,2,5,7,7,9,1,3,1;2,9,4;1,5,9;2,1,2,2,2,1,1,1,2;51959;1;0;1
51960:7,8,1,2,1,1,7,9,6;8,3,16;16,9,2;1,2,1,1,2,1,1,1,2;51960;1;0;1
51961:6,2,1,5,1,9,8,1,2;7,14,10;19,0,12;1,2,1,1,2,1,1,2,1;51961;1;0;1
51962:8,6,7,6,4,3,3,7,7;13,4,7;0,10,14;2,1,1,2,1,2,2,2,1;51962;1;0;1
51963:1,1,6,9,8,6,5,8,4;1,14,9;5,9,10;2,1,2,2,1,1,1,2,1;51963;1;0;1
51964:5,6,9,2,6,6,6,3,4;6,12,7;0,15,10;2,1,2,2,1,1,2,1,1;51964;1;0;1
51965:9,2,7,6,7,8,8,8,3;0,14,16;14,8,8;2,2,2,1,2,1,1,1,2;51965;1;0;1
51966:5,7,7,8,3,2,1,7,9;12,8,17;14,14,9;1,1,2,1,2,2,1,1,1;51966;1;0;1
51967:1,3,7,2,4,8,2,2,4;0,4,0;0,4,0;2,2,2,2,1,2,2,2,2;51967;1;0;1
51968:6,2,8,7,6,9,3,4,6;14,7,9;16,0,14;1,2,1,1,2,2,1,2,1;51968;1;0;1
51969:7,3,2,1,4,1,7,4,6;0,0,4;0,4,0;2,2,2,2,2,2,2,1,2;51969;1;0;1
51970:2,9,5,5,4,4,6,3,4;14,4,0;0,9,9;2,1,1,2,2,1,2,2,2;51970;1;0;1
51971:6,7,2,4,8,1,7,3,6;6,13,0;10,8,1;1,2,2,1,1,1,2,2,2;51971;1;0;1
51972:8,9,7,4,1,9,6,8,1;8,4,6;18,0,0;1,2,2,1,2,2,1,2,2;51972;1;0;1
51973:1,8,4,8,4,4,8,2,4;9,8,12;9,12,8;1,1,2,2,1,1,1,2,1;51973;1;0;1
51974:5,8,7,3,6,9,9,5,4;13,0,0;5,8,0;1,1,2,2,2,2,2,2,2;51974;1;0;1
51975:7,3,6,7,5,7,5,9,1;6,19,0;7,5,13;2,2,1,1,1,1,2,2,2;51975;1;0;1
51976:1,1,8,2,2,9,2,8,1;2,4,0;3,3,0;1,1,2,1,1,2,2,2,2;51976;1;0;1
51977:2,9,3,5,2,4,7,4,8;11,0,7;9,9,0;1,1,2,2,2,2,1,2,2;51977;1;0;1
51978:1,9,9,9,9,9,1,3,4;10,9,0;10,9,0;1,1,2,1,2,2,2,2,2;51978;1;0;2
51979:3,7,1,7,6,7,1,8,2;1,20,1;8,6,8;2,2,1,1,1,1,1,2,2;51979;1;0;1
51980:6,8,9,7,5,1,5,1,2;17,13,6;12,14,10;2,1,1,1,1,1,1,1,2;51980;1;0;1
51981:6,3,7,7,5,5,9,7,5;10,12,5;7,3,17;2,1,1,1,2,1,2,2,1;51981;1;0;1
51982:4,9,2,9,7,4,5,3,4;6,0,7;4,3,6;1,2,1,2,2,2,2,1,1;51982;1;0;1
51983:2,9,8,2,2,6,5,1,2;8,2,7;5,2,10;2,2,1,2,1,2,1,2,1;51983;1;0;1
51984:7,9,5,4,6,4,7,3,3;16,6,6;7,18,3;1,1,2,2,1,2,2,1,1;51984;1;0;1
51985:8,9,3,6,5,7,7,2,4;20,6,11;21,9,7;1,1,1,1,2,2,1,2,1;51985;1;0;1
51986:8,5,3,6,3,9,6,6,4;8,3,4;8,3,4;1,2,2,2,1,2,2,2,1;51986;1;0;1
51987:3,6,7,4,6,9,1,4,1;13,9,4;0,10,16;2,1,1,2,2,1,2,1,2;51987;1;0;1
51988:5,1,7,5,4,7,4,1,7;13,9,0;10,5,7;1,1,1,1,1,2,2,2,2;51988;1;0;1
51989:6,3,5,3,3,1,2,2,2;5,3,0;3,0,5;2,2,1,1,2,2,2,2,2;51989;1;0;1
51990:8,5,5,8,4,8,1,6,4;18,4,5;9,9,9;1,1,1,2,1,2,1,2,1;51990;1;0;1
51991:6,4,9,4,3,4,4,2,8;10,0,6;10,6,0;1,1,2,2,2,2,1,1,2;51991;1;0;1
51992:1,8,9,7,7,2,3,3,2;8,9,6;3,18,2;2,1,2,2,1,1,1,1,2;51992;1;0;1
51993:2,1,2,5,5,4,4,1,7;2,9,1;5,1,6;2,2,1,1,2,1,2,1,2;51993;1;0;1
51994:9,8,4,1,3,6,4,1,8;4,3,12;4,3,12;2,2,1,2,1,2,1,2,1;51994;1;0;1
51995:2,8,5,8,3,2,8,2,4;2,8,12;18,0,4;1,2,2,1,2,2,1,2,1;51995;1;0;1
51996:9,3,1,6,9,5,7,7,5;12,5,12;9,10,10;1,1,2,2,2,1,2,1,1;51996;1;0;1
51997:2,7,8,8,4,6,2,6,6;8,14,2;10,0,14;2,2,1,1,2,1,1,2,2;51997;1;0;1
51998:1,1,1,7,7,8,6,3,7;0,0,10;0,3,7;2,2,2,2,2,2,2,1,1;51998;1;0;1
51999:1,3,5,1,5,2,4,9,4;3,0,4;0,3,4;2,1,2,2,2,2,2,2,1;51999;1;0;1
52000:1,2,9,6,6,9,9,5,6;11,21,15;15,8,24;2,1,1,1,1,1,1,2,1;52000;1;0;1
